;
v -0.132 0.379243 0.165;
vt -5.19685 14.9308;
vn 0 0 1;
v 0.132 0.379243 0.165;
vt 5.19685 14.9308;
v 0.132 0.478243 0.165;
vt 5.19685 18.8285;
v -0.132 0.478243 0.165;
vt -5.19685 18.8285;
f 1 1 1 2 2 1 3 3 1 4 4 1 ;
;
v -0.132 0.362743 0.165;
vt -5.19685 14.2812;
v 0.132 0.362743 0.165;
vt 5.19685 14.2812;
f 5 5 1 6 6 1 2 2 1 1 1 1 ;
;
vt -5.19685 -6.49606;
vn 0 -1 -0;
vt 5.19685 -6.49606;
v -0.132 0.362743 0.132;
vt 5.19685 -5.19685;
v 0.132 0.362743 0.132;
vt -5.19685 -5.19685;
f 6 7 2 5 8 2 7 9 2 8 10 2 ;
;
vt 5.19685 -6.49606;
vn 1.36726e-15 -1 -1.36726e-15;
v -0.165 0.362743 0.165;
vt 6.49606 -6.49606;
v -0.165 0.362743 0.132;
vt 6.49606 -5.19685;
vt 5.19685 -5.19685;
f 5 11 3 9 12 3 10 13 3 7 14 3 ;
;
vt -6.49606 14.2812;
v -0.165 0.379243 0.165;
vt -6.49606 14.9308;
f 9 15 1 5 5 1 1 1 1 11 16 1 ;
;
v -0.132 -0.000256901 0.165;
vt -5.19685 -0.0101142;
v -0.165 -0.000256901 0.165;
vt -6.49606 -0.0101142;
f 12 17 1 5 5 1 9 15 1 13 18 1 ;
;
vt -6.49606 14.2812;
vn 1 0 -0;
vt -6.49606 -0.0101142;
v -0.132 -0.000256901 0.132;
vt -5.19685 -0.0101142;
vt -5.19685 14.2812;
f 5 19 4 12 20 4 14 21 4 7 22 4 ;
;
v -0.165 -0.000256901 0.132;
vt 6.49606 -5.19685;
vt 6.49606 -6.49606;
f 15 23 2 14 9 2 12 8 2 13 24 2 ;
;
vt 6.49606 14.2812;
vn 0 0 -1;
vt 5.19685 14.2812;
vt 5.19685 -0.0101142;
vt 6.49606 -0.0101142;
f 10 25 5 7 26 5 14 27 5 15 28 5 ;
;
v -0.135667 0.362743 -0.132;
vt 5.34121 5.19685;
v -0.132 0.362743 -0.132;
vt 5.19685 5.19685;
v -0.165 0.362743 -0.132;
vt 6.49606 5.19685;
f 16 29 2 17 30 2 7 9 2 10 23 2 18 31 2 ;
;
v -0.132 0.362743 -0.165;
vt 5.19685 6.49606;
f 16 29 2 19 32 2 17 30 2;
;
v -0.165 0.362743 -0.165;
vt 6.49606 6.49606;
vn 1.52756e-15 -1 1.45212e-15;
vt 5.19685 6.49606;
vt 5.34121 5.19685;
vt 6.49606 5.19685;
f 20 33 6 19 34 6 16 35 6 18 36 6 ;
;
vt 6.49606 14.2812;
v -0.165 0.379243 -0.165;
vt 6.49606 14.9308;
v -0.132 0.379243 -0.165;
vt 5.19685 14.9308;
f 20 37 5 21 38 5 22 39 5 19 26 5 ;
;
vt -6.49606 14.2812;
vn -1 0 -0;
vt -5.19685 14.2812;
v -0.165 0.379243 -0.132;
vt -5.19685 14.9308;
vt -6.49606 14.9308;
f 20 40 7 18 41 7 23 42 7 21 43 7 ;
;
v -0.165 -0.000256901 -0.132;
vt -5.19685 -0.0101142;
v -0.165 -0.000256901 -0.165;
vt -6.49606 -0.0101142;
f 24 44 7 18 41 7 20 40 7 25 45 7 ;
;
v -0.132 -0.000256901 -0.132;
vt -5.34121 14.2812;
vt -6.49606 14.2812;
f 24 18 1 26 17 1 17 5 1 16 46 1 18 47 1 ;
;
v -0.132 -0.000256901 -0.165;
vt 6.49606 6.49606;
f 27 32 2 26 30 2 24 31 2 25 48 2 ;
;
vt 6.49606 -0.0101142;
vt 6.49606 14.2812;
vt 5.19685 14.2812;
vt 5.19685 -0.0101142;
f 27 49 4 19 50 4 17 51 4 26 52 4 ;
;
f 25 28 5 20 37 5 19 26 5 27 27 5 ;
;
v 0.132 0.362743 -0.165;
vt -5.19685 6.49606;
v 0.132 0.362743 -0.132;
vt -5.19685 5.19685;
f 19 32 2 28 53 2 29 54 2 17 30 2 ;
;
vt -5.19685 14.2812;
v 0.132 0.379243 -0.165;
vt -5.19685 14.9308;
f 28 55 5 19 26 5 22 39 5 30 56 5 ;
;
vt -6.49606 6.49606;
vn 0 1 -0;
vt -6.49606 5.19685;
v 0.165 0.379243 -0.132;
vt 6.49606 5.19685;
v 0.165 0.379243 -0.165;
vt 6.49606 6.49606;
vt 5.19685 6.49606;
vt -5.19685 6.49606;
f 21 57 8 23 58 8 31 59 8 32 60 8 30 61 8 22 62 8 ;
;
v -0.165 0.478243 -0.165;
vt -6.49606 18.8285;
v -0.165 0.478243 -0.132;
vt -5.19685 18.8285;
f 33 63 7 21 43 7 23 42 7 34 64 7 ;
;
vt 6.49606 18.8285;
v -0.132 0.478243 -0.165;
vt 5.19685 18.8285;
f 33 65 5 35 66 5 22 39 5 21 38 5 ;
;
v 0.165 0.478243 -0.165;
vt -6.49606 6.49606;
v 0.165 0.478243 -0.132;
vt -6.49606 5.19685;
v 0.132 0.478243 -0.165;
f 36 67 2 37 68 2 34 31 2 33 48 2 35 32 2 38 53 2 ;
;
vt 6.49606 14.9308;
vt 6.49606 18.8285;
vt 5.19685 18.8285;
vt 5.19685 14.9308;
f 32 69 4 36 70 4 37 71 4 31 72 4 ;
;
vt -6.49606 14.9308;
vt -5.19685 18.8285;
vt -6.49606 18.8285;
f 32 73 5 30 56 5 38 74 5 36 75 5 ;
;
v 0.165 0.362743 -0.165;
vt -6.49606 14.2812;
f 32 73 5 39 76 5 28 55 5 30 56 5 ;
;
v 0.165 0.362743 -0.132;
f 39 50 4 32 69 4 31 72 4 40 51 4 ;
;
v 0.165 0.379243 0.132;
vt -5.19685 14.9308;
v 0.165 0.362743 0.132;
f 40 51 4 31 72 4 41 77 4 42 22 4 ;
;
vt 6.49606 14.2812;
vt 6.49606 14.9308;
f 23 16 1 18 47 1 16 46 1 17 5 1 29 6 1 40 78 1 31 79 1 ;
;
vt 5.19685 14.2812;
v -0.165 0.379243 0.132;
vt 5.19685 14.9308;
f 18 41 7 10 80 7 43 81 7 23 42 7 ;
;
vt 6.49606 14.9308;
vt 6.49606 14.2812;
f 11 82 7 43 81 7 10 80 7 9 83 7 ;
;
vt -6.49606 -6.49606;
vt -5.19685 -6.49606;
vt 5.19685 -6.49606;
v 0.165 0.379243 0.165;
vt 6.49606 -6.49606;
vt 6.49606 -5.19685;
vt -6.49606 -5.19685;
f 11 84 8 1 85 8 2 86 8 44 87 8 41 88 8 43 89 8 ;
;
v -0.165 0.478243 0.165;
vt -6.49606 18.8285;
f 11 16 1 1 1 1 4 4 1 45 90 1 ;
;
v -0.165 0.478243 0.132;
v 0.165 0.478243 0.132;
vt -6.49606 -5.19685;
v 0.165 0.478243 0.165;
vt -6.49606 -6.49606;
f 4 8 2 45 24 2 46 23 2 47 91 2 48 92 2 3 7 2 ;
;
v -0.132 0.494743 0.165;
vt -5.19685 19.4781;
v -0.165 0.494743 0.165;
vt -6.49606 19.4781;
f 45 90 1 4 4 1 49 93 1 50 94 1 ;
;
v 0.132 0.494743 0.165;
vt 5.19685 19.4781;
f 4 4 1 3 3 1 51 95 1 49 93 1 ;
;
v 0.165 0.494743 0.165;
vt 6.49606 19.4781;
vt 6.49606 18.8285;
f 52 96 1 51 95 1 3 3 1 48 97 1 ;
;
v -0.1815 0.494743 0.1815;
vt -7.14567 -7.14567;
v 0.1815 0.494743 0.1815;
vt 7.14567 -7.14567;
f 53 98 8 54 99 8 52 87 8 51 86 8 49 85 8 50 84 8 ;
;
vt -7.14567 19.4781;
vt 7.14567 19.4781;
v 0.1815 0.527743 0.1815;
vt 7.14567 20.7773;
v -0.1815 0.527743 0.1815;
vt -7.14567 20.7773;
f 53 100 1 54 101 1 55 102 1 56 103 1 ;
;
vt -7.14567 19.4781;
v 0.1815 0.494743 -0.1815;
vt 7.14567 19.4781;
v 0.1815 0.527743 -0.1815;
vt 7.14567 20.7773;
vt -7.14567 20.7773;
f 54 104 4 57 105 4 58 106 4 55 107 4 ;
;
v 0.165 0.494743 0.132;
vt 7.14567 7.14567;
v 0.165 0.494743 -0.165;
v 0.165 0.494743 -0.132;
f 59 88 8 52 87 8 54 99 8 57 108 8 60 60 8 61 59 8 ;
;
vt -6.49606 19.4781;
vt -6.49606 18.8285;
vt -5.19685 18.8285;
vt -5.19685 19.4781;
f 52 109 4 48 110 4 47 111 4 59 112 4 ;
;
vt -6.49606 14.9308;
f 48 110 4 44 113 4 41 77 4 47 111 4 ;
;
f 48 97 1 3 3 1 2 2 1 44 79 1 ;
;
v 0.165 0.362743 0.165;
f 44 79 1 2 2 1 6 6 1 62 78 1 ;
;
f 42 91 2 62 92 2 6 7 2 8 10 2 ;
;
f 62 19 4 42 22 4 41 77 4 44 113 4 ;
;
v 0.165 -0.000256901 0.165;
v 0.165 -0.000256901 0.132;
f 42 22 4 62 19 4 63 20 4 64 21 4 ;
;
vt 6.49606 -0.0101142;
v 0.132 -0.000256901 0.165;
vt 5.19685 -0.0101142;
f 63 114 1 62 78 1 6 6 1 65 115 1 ;
;
vt 6.49606 -0.0101142;
vt 6.49606 14.2812;
v 0.132 -0.000256901 0.132;
vt 5.19685 -0.0101142;
f 65 116 7 6 117 7 8 80 7 66 118 7 ;
;
vt -6.49606 -0.0101142;
vt -5.19685 -0.0101142;
f 64 119 5 66 120 5 8 55 5 42 76 5 ;
;
f 65 7 2 66 10 2 64 91 2 63 92 2 ;
;
f 42 91 2 8 10 2 29 54 2 40 68 2 ;
;
f 10 25 5 43 38 5 41 73 5 42 76 5 8 55 5 7 26 5 ;
;
f 41 88 8 31 59 8 23 58 8 43 89 8 ;
;
f 31 79 1 37 97 1 34 90 1 23 16 1 ;
;
f 34 31 2 37 68 2 47 91 2 46 23 2 ;
;
vt 5.19685 19.4781;
f 59 112 4 47 111 4 37 71 4 61 121 4 ;
;
vt 6.49606 19.4781;
f 61 121 4 37 71 4 36 70 4 60 122 4 ;
;
v 0.132 0.494743 -0.165;
vt -5.19685 19.4781;
vt -6.49606 19.4781;
f 36 75 5 38 74 5 67 123 5 60 124 5 ;
;
v -0.132 0.494743 -0.165;
vt 5.19685 19.4781;
f 38 74 5 35 66 5 68 125 5 67 123 5 ;
;
f 30 56 5 22 39 5 35 66 5 38 74 5 ;
;
v -0.165 0.494743 -0.165;
vt 6.49606 19.4781;
f 69 126 5 68 125 5 35 66 5 33 65 5 ;
;
v -0.1815 0.494743 -0.1815;
vt -7.14567 7.14567;
f 67 61 8 60 60 8 57 108 8 70 127 8 69 57 8 68 62 8 ;
;
f 52 87 8 59 88 8 61 59 8 60 60 8 67 61 8 68 62 8 69 57 8 50 84 8 49 85 8 51 86 8 ;
;
vt 5.19685 18.8285;
vt 6.49606 18.8285;
vt 6.49606 19.4781;
vt -6.49606 19.4781;
f 34 64 7 46 128 7 45 129 7 50 130 7 69 131 7 33 63 7 ;
;
f 11 82 7 45 129 7 46 128 7 43 81 7 ;
;
f 46 65 5 47 75 5 41 73 5 43 38 5 ;
;
f 70 127 8 53 98 8 50 84 8 69 57 8 ;
;
vt -7.14567 19.4781;
vt 7.14567 19.4781;
vt 7.14567 20.7773;
v -0.1815 0.527743 -0.1815;
vt -7.14567 20.7773;
f 70 132 7 53 133 7 56 134 7 71 135 7 ;
;
f 56 98 8 55 99 8 58 108 8 71 127 8 ;
;
vt -7.14567 19.4781;
vt 7.14567 19.4781;
vt 7.14567 20.7773;
vt -7.14567 20.7773;
f 57 136 5 70 137 5 71 138 5 58 139 5 ;
;
f 8 10 2 7 9 2 17 30 2 29 54 2 ;
;
f 28 53 2 39 67 2 40 68 2 29 54 2 ;
;
v 0.165 -0.000256901 -0.165;
v 0.132 -0.000256901 -0.165;
f 28 55 5 39 76 5 72 119 5 73 120 5 ;
;
v 0.165 -0.000256901 -0.132;
f 39 50 4 40 51 4 74 52 4 72 49 4 ;
;
v 0.132 -0.000256901 -0.132;
f 40 78 1 29 6 1 75 115 1 74 114 1 ;
;
vt -6.49606 14.2812;
f 28 140 7 73 45 7 75 44 7 29 41 7 ;
;
f 74 68 2 75 54 2 73 53 2 72 67 2 ;
;
f 13 116 7 9 83 7 10 80 7 15 118 7 ;
;
